   5   5    1 2500   100   20 1  480 
    0.00000  0.0000000  0
   5   5    1 2500   100   20 2  480 
    0.05000  0.0000000  0
   5   5    1 2500   100   20 3  480 
    0.10000  0.0000000  0
   5   5    1 2500   100   20 4  480 
    0.15000  0.0000000  0
   5   5    1 2500   100   20 5  480 
    0.20000  0.0000000  0
   5   5    1 2500   100   20 6  480 
    0.25000  0.0000000  0
   5   5    1 2500   100   20 7  480 
    0.3000  0.0000000  0
   5   5    1 2500   100   20 8  480 
    0.3500  0.0000000  0
   5   5    1 2500   100   20 9  480 
    0.4000  0.0000000  0
   5   5    1 2500   100   20 10  480 
    0.4500  0.0000000  0
   5   5    1 2500   100   20 11  480 
    0.5000  0.0000000  0
   5   5    1 2500   100   20 12  480 
    0.5500  0.0000000  0
    0    0    0    0         0    0    0    0
    0          0          0
