weqn1v1 ; n1,numint,nint,knn,s:       5  5       100 20   0.0000000               1
   1    0.00554240    0.00099357    0.05283133
   2    0.00009197    0.00002833    0.07704928
   3    0.02592000    0.02641729    0.35230577
   4    0.02729216    0.00488679   -0.06958580
   5    0.00061286    0.00216379    0.21502189
   6    0.00195644    0.00061794   -0.10008986
   7    0.00034335    0.00023483    0.32763997
   8    0.00000836    0.00000536    0.30686141
   9    0.33400911    0.05353616    0.82883147
  10    0.00000000    0.00000000    0.00000000
  11    0.00000000    0.00000000    0.00000000
  12    0.00000000    0.00000000    0.00000000
  13    0.00019969    0.00009267   -0.14261345
  14    0.00000597    0.00000260   -0.09558186
  15    0.00709451    0.00957024   -0.29839245
weqn1v1 ; n1,numint,nint,knn,s:       5  5       100 20   0.0500000               2
   1    0.00936704    0.00161415    0.00231245
   2    0.00025858    0.00009528    0.07752110
   3    0.14720000    0.02176235   -0.04254880
   4    0.04698880    0.00720301   -0.08905576
   5    0.01499845    0.00371928   -0.11390987
   6    0.00615455    0.00198197   -0.14884109
   7    0.00161157    0.00052355   -0.03538229
   8    0.00005714    0.00003050   -0.03078879
   9    0.33932589    0.06041213    0.66159572
  10    0.00791280    0.00098850    0.35048430
  11    0.00000980    0.00000726    0.01835416
  12    0.00000980    0.00001267    0.39343897
  13    0.00023274    0.00012318   -0.36139361
  14    0.00001908    0.00000662   -0.16617996
  15   -0.02408809    0.00947178   -0.25616951
weqn1v1 ; n1,numint,nint,knn,s:       5  5       100 20   0.1000000               3
   1    0.01693952    0.00291713   -0.11266480
   2    0.00085248    0.00026999   -0.15238573
   3    0.31936000    0.01916619    0.14882660
   4    0.13305600    0.01289587    0.11406016
   5    0.06228509    0.00866801    0.05761974
   6    0.03203920    0.00575761    0.01254264
   7    0.00650080    0.00153066   -0.08719417
   8    0.00038617    0.00015100   -0.12060657
   9    0.33660483    0.06044568    0.64555722
  10    0.03883149    0.00507918    0.47396681
  11   -0.00000620    0.00014080   -0.01724104
  12   -0.00032006    0.00048301    0.35121520
  13    0.00109100    0.00042484   -0.12464779
  14    0.00011392    0.00004792   -0.07590938
  15   -0.00482865    0.00975354    0.20162541
weqn1v1 ; n1,numint,nint,knn,s:       5  5       100 20   0.1500000               4
   1    0.03112192    0.00487523   -0.09935554
   2    0.00269760    0.00075914   -0.07135833
   3    0.48256000    0.02306961    0.22573041
   4    0.26645248    0.02666727    0.16331400
   5    0.16751301    0.02789901    0.07347307
   6    0.12018039    0.03056114   -0.00693660
   7    0.02011316    0.00445626    0.00201827
   8    0.00215889    0.00080536   -0.05010008
   9    0.35904977    0.04880484    0.68834348
  10    0.09446717    0.01512470    0.08473954
  11    0.00274933    0.00090470    0.11771960
  12    0.02421937    0.00701028    0.76321013
  13    0.00509497    0.00130354    0.07808169
  14    0.00085713    0.00033221   -0.01632939
  15    0.00968097    0.01267583    0.20992826
weqn1v1 ; n1,numint,nint,knn,s:       5  5       100 20   0.2000000               5
   1    0.11448064    0.01016208   -0.20869639
   2    0.02550676    0.00390231   -0.21177137
   3    0.82592000    0.02834560   -0.00474296
   4    0.75320576    0.05148584   -0.08158807
   5    0.75374987    0.07822841   -0.12818960
   6    0.81968173    0.11609521   -0.13696631
   7    0.11916081    0.01410037   -0.17130679
   8    0.02969975    0.00546278   -0.15432184
   9    0.51381747    0.03437231    0.15772956
  10    0.35530957    0.05926132    0.27453372
  11    0.01427926    0.00636719    0.30563917
  12    0.02978311    0.06254242    0.36837236
  13    0.02460896    0.00408721    0.14781594
  14    0.00863321    0.00189329    0.16720698
  15    0.09145598    0.01842222   -0.00157082
weqn1v1 ; n1,numint,nint,knn,s:       5  5       100 20   0.2500000               6
   1    0.59395328    0.01633166    0.32123656
   2    0.38299729    0.01749422    0.29063234
   3    1.93632000    0.03781352    0.27510949
   4    3.90723840    0.13998748    0.25870034
   5    8.16032618    0.40730329    0.23046528
   6   17.53895803    1.09649159    0.19268082
   7    1.21768409    0.05027609    0.28823032
   8    0.81662149    0.04704274    0.24732352
   9    0.92110443    0.01292943    0.23377823
  10    1.23361920    0.14329452    0.09960275
  11   -0.03289091    0.01242792    0.40108946
  12   -0.92273279    0.69251165   -0.00977109
  13    0.06760048    0.00880454    0.13164210
  14    0.07501618    0.00906210    0.01514446
  15    0.03176284    0.00960772    0.27488789
weqn1v1 ; n1,numint,nint,knn,s:       5  5       100 20   0.3000000               7
   1    0.81678080    0.01055251    0.16045233
   2    0.67735641    0.01670653    0.18584576
   3    2.49888000    0.02702643    0.24869909
   4    6.30816000    0.13328682    0.26499999
   5   16.07557736    0.49782644    0.27770469
   6   41.32750409    1.66782976    0.28713168
   7    2.06619204    0.04726665    0.22250129
   8    1.73220404    0.05888477    0.22701595
   9    0.98490376    0.00220397   -0.10991609
  10    0.71728589    0.09129598   -0.09048545
  11   -0.02162837    0.00864844   -0.00491876
  12   -0.25240093    0.14984772   -0.15656191
  13    0.02515483    0.00339302   -0.09068067
  14    0.03957166    0.00516641   -0.07901475
  15    0.00317432    0.00097872   -0.03204382
weqn1v1 ; n1,numint,nint,knn,s:       5  5       100 20   0.3500000               8
   1    0.91698432    0.00538938   -0.09215335
   2    0.84506124    0.00942948   -0.07460856
   3    2.76352000    0.01454065   -0.03165402
   4    7.66708480    0.07765607   -0.02364173
   5   21.34862074    0.31358216   -0.01780222
   6   59.64360965    1.13385474   -0.01405591
   7    2.54521328    0.02704951   -0.05039126
   8    2.35482429    0.03664759   -0.04706727
   9    0.99502876    0.00102577   -0.20953983
  10    0.46001827    0.07729400   -0.16695349
  11   -0.02982405    0.00892835    0.06504250
  12    0.32848899    0.15573644    0.56119981
  13    0.01110877    0.00200249   -0.18421770
  14    0.01948065    0.00330406   -0.17591046
  15    0.00117657    0.00043102   -0.05988964
weqn1v1 ; n1,numint,nint,knn,s:       5  5       100 20   0.4000000               9
   1    0.95863040    0.00424588   -0.23665338
   2    0.92054016    0.00787282   -0.24321279
   3    2.88000000    0.01218524   -0.24470187
   4    8.30681856    0.06815828   -0.25240422
   5   23.99308296    0.28715386   -0.26040701
   6   69.39223866    1.07951736   -0.26867323
   7    2.76524777    0.02315588   -0.24791014
   8    2.65930392    0.03262789   -0.25370730
   9    0.99829674    0.00035997   -0.11007788
  10    0.24837120    0.04687703   -0.06052334
  11   -0.01668317    0.00465108    0.23512376
  12    0.28055312    0.08306629    0.81464571
  13    0.00439222    0.00084189   -0.07029424
  14    0.00814824    0.00148782   -0.05904916
  15    0.00031195    0.00010102    0.09775878
weqn1v1 ; n1,numint,nint,knn,s:       5  5       100 20   0.4500000              10
   1    0.97733888    0.00282757    0.06101850
   2    0.95612922    0.00539639    0.06344818
   3    2.93312000    0.00818297    0.07870311
   4    8.61110016    0.04693686    0.08012510
   5   25.30273427    0.20219847    0.08126339
   6   74.41117661    0.77530035    0.08212682
   7    2.86936666    0.01590191    0.07225431
   8    2.80962073    0.02294384    0.07116658
   9    0.99901903    0.00018644   -0.04857703
  10    0.20015165    0.03599375   -0.02082079
  11   -0.01186345    0.00268572    0.16083494
  12    0.07403013    0.03450595    0.58315944
  13    0.00271445    0.00049473   -0.03057424
  14    0.00517900    0.00092843   -0.02679690
  15    0.00013814    0.00003295    0.07388212
weqn1v1 ; n1,numint,nint,knn,s:       5  5       100 20   0.5000000              11
   1    0.98640128    0.00246852   -0.30959305
   2    0.97342901    0.00477985   -0.31196218
   3    2.95936000    0.00727252   -0.31194202
   4    8.76163840    0.04229983   -0.31426907
   5   25.95113464    0.18464996   -0.31650963
   6   76.89619502    0.71695926   -0.31866509
   7    2.92041097    0.01421245   -0.31349955
   8    2.88323782    0.02072533   -0.31529801
   9    0.99954643    0.00007709   -0.04691648
  10    0.11958720    0.01878639    0.02073027
  11   -0.00558247    0.00104978    0.80392954
  12    0.02959033    0.01180096    0.59208248
  13    0.00129448    0.00020518    0.00562098
  14    0.00251096    0.00039304    0.01038082
  15    0.00004515    0.00000832    0.74442222
weqn1v1 ; n1,numint,nint,knn,s:       5  5       100 20   0.5500000              12
   1    0.99555584    0.00121915   -0.37029190
   2    0.99125276    0.00239960   -0.37029190
   3    2.98656000    0.00368695   -0.37029190
   4    8.92065024    0.02176775   -0.37029190
   5   26.64860830    0.09639610   -0.37029190
   6   79.61667849    0.37948193   -0.37029190
   7    2.97365416    0.00722737   -0.37029190
   8    2.96115800    0.01065539   -0.37029190
   9    0.99987760    0.00002152   -0.26233316
  10    0.04195699    0.00732038   -0.24935360
  11   -0.00159504    0.00028675    0.48535878
  12    0.00405884    0.00134012    0.68078209
  13    0.00036691    0.00006402   -0.24935360
  14    0.00072217    0.00012600   -0.24935360
  15    0.00000855    0.00000154    0.46814988
